7 1 2 3 8 4 5 10 108 108
6 1 2 3 8 4 10 85 85
6 1 2 3 5 4 10 108 108
5 1 2 3 5 10 91 91
7 1 2 3 7 5 4 10 104 104
6 1 2 3 7 5 10 87 87
7 1 2 4 8 3 5 10 121 121
8 1 2 4 8 3 7 5 10 117 117
5 1 2 4 5 10 88 88
4 1 2 4 10 65 65
6 1 2 8 4 5 10 85 85
5 1 2 8 4 10 62 62
7 1 2 8 3 5 4 10 105 105
6 1 2 8 3 5 10 88 88
8 1 2 8 3 7 5 4 10 101 101
7 1 2 8 3 7 5 10 84 84
8 1 2 6 4 8 3 5 10 131 131
9 1 2 6 4 8 3 7 5 10 127 127
6 1 2 6 4 5 10 98 98
5 1 2 6 4 10 75 75
6 1 3 2 4 5 10 123 123
5 1 3 2 4 10 100 100
7 1 3 2 8 4 5 10 120 120
6 1 3 2 8 4 10 97 97
7 1 3 2 6 4 5 10 133 133
6 1 3 2 6 4 10 110 110
6 1 3 8 4 5 10 93 93
5 1 3 8 4 10 70 70
7 1 3 8 2 4 5 10 120 120
6 1 3 8 2 4 10 97 97
8 1 3 8 2 6 4 5 10 130 130
7 1 3 8 2 6 4 10 107 107
5 1 3 5 4 10 93 93
4 1 3 5 10 76 76
6 1 3 7 5 4 10 89 89
5 1 3 7 5 10 72 72
3 1 9 10 90 90
3 1 16 10 80 80
