7 1 2 3 5 4 8 10 123 123
6 1 2 3 5 4 10 108 108
5 1 2 3 5 10 91 91
5 1 2 4 8 10 80 80
5 1 2 4 5 10 88 88
4 1 2 4 10 65 65
6 1 2 6 4 8 10 90 90
6 1 2 6 4 5 10 98 98
5 1 2 6 4 10 75 75
6 1 3 2 4 8 10 115 115
6 1 3 2 4 5 10 123 123
5 1 3 2 4 10 100 100
7 1 3 2 6 4 8 10 125 125
7 1 3 2 6 4 5 10 133 133
6 1 3 2 6 4 10 110 110
6 1 3 5 4 8 10 108 108
5 1 3 5 4 10 93 93
4 1 3 5 10 76 76
3 1 8 10 35 35
7 1 8 4 2 3 5 10 136 136
8 1 8 4 6 2 3 5 10 146 146
5 1 8 4 5 10 73 73
4 1 8 4 10 50 50
3 1 9 10 90 90
3 1 16 10 80 80
