16 22
0 0
1 1
2 1
3 1
4 1
5 1
6 1
7 1
9 1
10 1
16 1
11 0
12 0
13 0
14 0
15 0
1 0 1 15Mb 0 15 15 10
2 14 1 15Mb 0 15 15 10
3 1 2 15Mb 0 15 15 10
4 1 3 25Mb 0 25 25 10
5 2 3 25Mb 0 25 25 10
6 2 4 30Mb 0 30 30 10
7 3 5 28Mb 0 28 28 10
8 3 7 13Mb 0 13 13 10
9 7 5 11Mb 0 11 11 10
10 12 3 13Mb 0 13 13 10
11 2 6 20Mb 0 20 20 10
12 6 4 20Mb 0 20 20 10
13 4 5 20Mb 0 20 20 10
14 4 10 20Mb 0 20 20 10
15 4 13 15Mb 0 15 15 10
16 5 10 23Mb 0 23 23 10
17 10 15 20Mb 0 20 20 10
18 10 11 10Mb 0 10 10 10
19 1 9 40Mb 0 40 40 10
20 9 10 50Mb 0 50 50 10
21 1 16 30Mb 0 30 30 10
22 16 10 50Mb 0 50 50 10






