17 28
0 0
1 1
2 1
3 1
4 1
5 1
6 1
7 1
8 1
9 1
10 1
16 1
11 0
12 0
13 0
14 0
15 0
1 0 1 15Mb 0 15 15 10
2 14 1 15Mb 0 15 15 10
3 1 2 15Mb 0 15 15 10
4 1 3 25Mb 0 25 25 10
5 1 8 15Mb 0 15 15 10
6 8 10 20Mb 0 20 20 10
7 8 4 15Mb 0 15 15 10
8 8 5 8Mb 0 8 8 10
9 2 3 25Mb 0 25 25 10
10 2 4 30Mb 0 30 30 10
11 2 8 12Mb 0 12 12 10
12 3 8 10Mb 0 10 10 10
13 3 5 28Mb 0 28 28 10
14 3 7 13Mb 0 13 13 10
15 7 5 11Mb 0 11 11 10
16 12 3 13Mb 0 13 13 10
17 2 6 20Mb 0 20 20 10
18 6 4 20Mb 0 20 20 10
19 4 5 20Mb 0 20 20 10
20 4 10 20Mb 0 20 20 10
21 4 13 15Mb 0 15 15 10
22 5 10 23Mb 0 23 23 10
23 10 15 20Mb 0 20 20 10
24 10 11 10Mb 0 10 10 10
25 1 9 40Mb 0 40 40 10
26 9 10 50Mb 0 50 50 10
27 1 16 30Mb 0 30 30 10
28 16 10 50Mb 0 50 50 10






